{2-oxo-isovaleric-acid: 0.0016420361247947459, 33p-l-ala: 0.0016420361247947459, 4ppro: 0.0016420361247947459, HICA: 0.0016420361247947459, aad: 0.0016420361247947459, abu: 0.027914614121510677, aeo: 0.0016420361247947459, ala: 0.052545155993431854, alaninol: 0.0016420361247947459, arg: 0.00985221674876847, asn: 0.01477832512315272, asp: 0.055829228243021355,
b-ala: 0.0016420361247947459, b-lys: 0.0016420361247947459, bht: 0.0016420361247947459, bmt: 0.0016420361247947459, cap: 0.0016420361247947459, cys: 0.011494252873563222, cysa: 0.0016420361247947459, dab: 0.034482758620689655, dhb: 0.0016420361247947459, dhpg: 0.00821018062397373, dht: 0.0016420361247947459,
dpr: 0.0016420361247947459, gln: 0.034482758620689655, glu: 0.026272577996715927, gly: 0.04433497536945813, glycolic-acid: 0.0016420361247947459, his: 0.004926108374384239, hiv: 0.013136288998357969, hpg: 0.00985221674876847, hse: 0.004926108374384239, hty: 0.0016420361247947459, hyv: 0.0016420361247947459,
ile: 0.054187192118226604, indole-3-carboxylic: 0.0016420361247947459, iva: 0.0016420361247947459, kyn: 0.0016420361247947459, leu: 0.14449917898193765, lys: 0.011494252873563222, lyserg: 0.0016420361247947459, met: 0.0016420361247947459, orn: 0.022988505747126433, phe: 0.032840722495894904, phe-ac: 0.0016420361247947459,
phg: 0.0016420361247947459, pip: 0.0032840722495894917, piperazic: 0.0016420361247947459, pro: 0.029556650246305414, sal: 0.0016420361247947459, ser: 0.06403940886699507, tcl: 0.0016420361247947459, thr: 0.0788177339901478, trp: 0.022988505747126433, tyr: 0.01642036124794746,
unknown: 0.0016420361247947459, val: 0.11330049261083747, vol: 0.0016420361247947459}
