d_chirality: 2030
methylated: 1081
residue_frequencies:
  Aad: 0.0002610966057441253
  Abu: 0.013228894691035683
  Ala: 0.07441253263707572
  Arg: 0.011662315056570931
  Asn: 0.0206266318537859
  Asp: 0.03080939947780679
  Bmt: 0.0024369016536118365
  Bza: 0.0013054830287206266
  Cys: 0.004264577893820714
  Dab: 0.017493472584856395
  Dpr: 0.003394255874673629
  Gln: 0.03951261966927763
  Glu: 0.020974760661444734
  Gly: 0.03498694516971279
  His: 0.003394255874673629
  Hiv: 0.0067014795474325504
  Hpg: 0.014708442123585727
  Hse: 0.0028720626631853785
  Hty: 0.0030461270670147957
  Ile: 0.028720626631853787
  Iva: 0.008181026979982594
  Kyn: 0.0004351610095735422
  Lac: 0.0039164490861618795
  Leu: 0.10008703220191471
  Lys: 0.010008703220191472
  Orn: 0.018711923411662314
  Pen: 0.003568320278503046
  Phe: 0.02863359442993908
  Pip: 0.0026979982593559617
  Pro: 0.0658833768494343
  Ser: 0.04142732811140122
  Thr: 0.028807658833768495
  Trp: 0.01453437771975631
  Tyr: 0.025587467362924284
  Val: 0.07154046997389034
  aIle: 0.0067014795474325504
  aThr: 0.012358572671888599
  bAla: 0.005831157528285466
  bLys: 0.0005221932114882506
  dHpg: 0.004525674499564839
  oxoDec: 0.00017406440382941688
  unknown: 0.21105308964316796
total_monomers: 11490
